11 0.878 0.535766423358 0.222 0.848175182482
11 0.138 0.681751824818 0.086 0.176642335766
10 0.576 0.770802919708 0.028 0.0175182481752
10 0.802 0.627737226277 0.048 0.014598540146
10 0.71 0.693430656934 0.034 0.0175182481752
10 0.808 0.678832116788 0.048 0.0116788321168
10 0.8 0.204379562044 0.048 0.0175182481752
11 0.28 0.795620437956 0.146 0.318248175182
10 0.656 0.321167883212 0.038 0.0160583941606
10 0.476 0.316788321168 0.026 0.0160583941606
10 0.474 0.275912408759 0.028 0.0160583941606
10 0.56 0.251094890511 0.022 0.0160583941606
10 0.574 0.436496350365 0.038 0.0204379562044
10 0.516 0.392700729927 0.03 0.0160583941606
10 0.618 0.375182481752 0.03 0.014598540146
10 0.57 0.34598540146 0.032 0.0175182481752
10 0.804 0.528467153285 0.056 0.0131386861314
10 0.806 0.586861313869 0.048 0.014598540146
10 0.8 0.421897810219 0.058 0.0175182481752
10 0.802 0.480291970803 0.058 0.014598540146
10 0.616 0.227737226277 0.038 0.0175182481752
10 0.518 0.2 0.026 0.0175182481752
10 0.426 0.693430656934 0.03 0.0175182481752
10 0.424 0.624817518248 0.03 0.0160583941606
10 0.474 0.921167883212 0.026 0.0175182481752
10 0.526 0.940145985401 0.036 0.0189781021898
10 0.524 0.867153284672 0.028 0.0102189781022
10 0.424 0.896350364964 0.022 0.014598540146
10 0.616 0.823357664234 0.028 0.0204379562044
10 0.568 0.843795620438 0.026 0.00875912408759
10 0.422 0.792700729927 0.024 0.0131386861314
10 0.478 0.792700729927 0.018 0.0175182481752
10 0.668 0.842335766423 0.03 0.0189781021898
10 0.664 0.770802919708 0.028 0.014598540146
10 0.8 0.264233576642 0.06 0.014598540146
10 0.428 0.344525547445 0.04 0.0175182481752
10 0.426 0.478832116788 0.032 0.0189781021898
10 0.618 0.696350364964 0.032 0.014598540146
10 0.524 0.715328467153 0.026 0.0189781021898
10 0.52 0.624817518248 0.034 0.0175182481752
10 0.664 0.646715328467 0.034 0.0175182481752
10 0.572 0.579562043796 0.022 0.0175182481752
10 0.474 0.576642335766 0.024 0.0175182481752
10 0.522 0.50802919708 0.038 0.0189781021898
10 0.614 0.534306569343 0.038 0.021897810219
10 0.622 0.458394160584 0.038 0.0189781021898
10 0.474 0.458394160584 0.028 0.014598540146
10 0.522 0.154744525547 0.03 0.0189781021898
10 0.436 0.175182481752 0.022 0.0233576642336
10 0.704 0.484671532847 0.026 0.0160583941606
10 0.704 0.43795620438 0.022 0.0189781021898
10 0.704 0.392700729927 0.034 0.0160583941606
10 0.702 0.25401459854 0.028 0.0175182481752
10 0.656 0.2 0.024 0.0160583941606
11 0.106 0.864233576642 0.214 0.221897810219
10 0.612 0.153284671533 0.03 0.0204379562044
11 0.538 0.494890510949 0.45 0.976642335766
10 0.796 0.322627737226 0.044 0.014598540146